generator loss, discriminator loss,
2.0391967,1.8976028,
7.911545,1.6715353,
9.393005,0.8277055,
7.5036554,0.66867626,
5.692058,0.43438524,
4.9632573,0.40177888,
4.329851,0.9024943,
3.431678,1.0085819,
3.8315494,0.72345144,
3.169874,0.5854197,
4.071092,0.369847,
3.2245483,1.0631043,
5.2478786,0.8195046,
4.624861,1.0469124,
3.695701,0.7090425,
3.6330776,0.6313392,
2.6295354,0.68944263,
4.5624285,1.2671556,
4.7515535,1.3198065,
2.1118665,0.798529,
3.5441568,0.8325799,
3.945784,0.5276967,
3.9527054,0.71228045,
2.5963192,0.6569229,
3.0339897,0.8641796,
3.4426672,0.84975624,
3.89506,0.64172554,
5.205067,0.44084984,
3.3138993,0.5351546,
3.8970695,0.36889848,
2.7726169,0.88918316,
2.6862533,0.7254673,
3.3433163,0.7798948,
1.7922986,1.2403667,
4.4193654,0.4110144,
4.128733,0.37179023,
2.6376014,0.66653633,
4.633444,0.56131256,
6.9191966,0.94253397,
3.9389732,0.40897718,
3.2187202,0.3999835,
4.4570055,0.45383433,
5.402754,0.20886052,
4.691255,0.49909467,
3.248772,0.56322753,
3.424843,0.30021656,
3.6974664,0.688082,
3.3934052,0.33845457,
4.923058,0.22891894,
2.3803632,0.43191797,
8.525071,1.5584623,
4.430938,0.5415513,
4.1860394,0.40246606,
2.158874,0.5913223,
3.9756842,0.30390984,
4.5551386,0.56094563,
2.6570337,0.6137587,
1.0090779,1.353767,
6.005957,0.86653984,
3.2069285,0.25379145,
3.1211693,0.372252,
3.2132463,0.7613804,
4.346624,0.58750945,
4.070645,0.6786214,
4.253977,0.48950958,
3.235297,0.5318089,
3.2852304,0.88384855,
3.2376118,0.5601805,
5.482902,0.70404243,
2.903149,0.41441196,
4.972411,0.30083126,
3.6587493,0.35605493,
4.4406753,0.7507042,
4.5510044,0.68457866,
2.0441566,1.0336647,
2.376395,0.6421524,
1.7839948,1.2716386,
4.0229015,0.5935525,
3.705636,0.43194038,
3.2000916,0.5066879,
3.3384354,0.5172558,
3.5632966,0.56439734,
