generator loss, discriminator loss,
2.0391662,1.8976027,
8.143863,1.5975077,
8.657524,1.1687574,
7.4543214,0.6200913,
4.9940453,0.57525647,
5.684409,0.36647016,
4.0399055,0.7687352,
4.19562,0.7670776,
3.559192,0.69927526,
3.9731169,0.5027658,
4.399942,0.46524078,
4.4894443,0.7862212,
4.7294674,0.5483632,
4.962465,1.72862,
2.9456253,0.6629443,
3.5234966,0.5747212,
3.0005124,0.6055966,
3.2299883,0.53604037,
3.302805,0.53552586,
2.314282,0.9959952,
3.7709107,0.5104752,
3.1233642,0.59858954,
3.3082886,0.55164206,
3.4616256,0.7975799,
3.6157322,0.863197,
3.3085167,0.8227427,
3.6525269,0.6749627,
5.8271294,0.9259246,
3.2871768,0.5236623,
4.3789825,0.42184222,
4.8973904,0.58386844,
3.4906628,0.5200443,
4.011705,0.5751195,
2.6249871,0.561603,
3.7198327,0.89684033,
1.148951,1.5920576,
2.692509,0.6675674,
5.1900835,1.0764971,
5.1647477,0.79391503,
4.3050323,0.31397069,
2.6882837,0.4033517,
4.742819,0.92257047,
2.3222454,0.64994854,
5.812833,0.9097956,
3.1550643,0.44409627,
4.1007805,0.3940966,
3.7730634,0.44610116,
5.8365808,0.58888584,
4.0117497,0.6541735,
3.231189,0.48938996,
3.6056116,0.32581928,
4.56953,0.53700835,
3.6816492,0.34315175,
3.3539045,0.46528333,
4.609723,0.44898665,
2.4566152,0.6398107,
4.794074,0.7743824,
4.4940023,0.32768527,
3.627816,1.0492775,
5.4243927,0.671618,
4.3524942,0.49105325,
2.909955,0.5263725,
3.7732563,0.61425215,
6.0438514,0.70475936,
3.38687,0.5722265,
3.061539,0.9778351,
5.461587,0.5949978,
5.7615747,0.93850744,
3.043763,0.6768014,
4.2314115,0.6208889,
2.6383908,0.70696974,
5.006894,0.46083534,
5.707069,0.75724953,
3.2798657,0.6337942,
2.9869566,1.0875504,
3.0222046,0.5770068,
4.0534434,0.5126464,
5.259914,0.5533052,
3.8189752,0.52573645,
3.762046,0.48190972,
3.3633595,0.4050106,
3.5225995,0.5184829,
5.1032863,0.82920134,
5.168464,0.90718174,
2.371238,0.6389357,
4.982101,0.9405304,
3.963841,0.5535705,
3.20635,1.0418633,
3.6511583,0.54548097,
3.5438833,0.36790895,
4.42885,0.428955,
7.3188057,1.0167834,
3.9563773,0.5448786,
4.643388,0.5405625,
4.7027082,0.5380683,
3.8230438,0.4026034,
6.415455,0.2011663,
3.8773367,0.26997352,
3.5751162,0.38531274,
2.2700393,0.5149444,
2.678516,0.7691983,
5.0672083,0.83858895,
3.398577,0.52627385,
6.2850122,0.87134033,
3.43567,0.43767792,
3.5067108,0.38131785,
4.369272,0.49633723,
5.8829236,0.84856707,
5.0966225,0.37170216,
2.8636706,0.5320551,
5.1238017,0.43121108,
3.6130445,0.3168975,
5.4011726,0.388938,
5.636677,0.56924206,
1.8958403,0.8032567,
4.0246983,0.41725987,
2.476778,0.848019,
4.0458484,0.437501,
3.0304213,0.5613555,
4.4757752,0.5167096,
2.737893,0.51336163,
2.3540673,0.71117944,
5.08496,0.7121265,
5.188244,0.6390091,
4.566723,0.5122033,
4.4326267,0.32254314,
4.144027,0.42992693,
3.0246222,1.3839694,
4.493583,0.48738942,
4.0734453,0.5872141,
4.393889,0.5276493,
3.1619241,1.150382,
4.475847,0.43374234,
4.9036417,0.8181916,
4.3221164,0.431951,
5.0204277,0.34072974,
4.2385154,0.26522136,
4.3350444,0.7983851,
6.904802,0.78581834,
2.5298676,0.5493014,
3.966303,0.42462313,
2.5543356,0.6637106,
4.139337,0.22350217,
3.6674213,0.3511171,
4.3557744,0.31629348,
5.108506,0.44796437,
4.0465207,0.3433053,
4.184103,0.2298149,
2.9176333,0.47146368,
6.057406,0.6218477,
4.3489523,0.22692837,
4.5779405,0.32334223,
4.719449,0.42439482,
2.9222398,0.4887296,
2.5378273,0.43074995,
2.9723687,0.9033997,
4.188776,0.44551605,
1.8967932,0.7059345,
3.338305,0.5670979,
3.6751513,0.6356675,
3.1536582,0.42277846,
3.2171378,0.54219526,
3.283821,0.5013701,
4.7763515,0.9002537,
4.1085057,0.43405187,
5.4755464,0.66655266,
3.2678244,0.29953286,
4.0369015,0.3259544,
3.4365416,0.40798247,
3.36563,0.27930436,
2.9978182,0.44570252,
2.4212801,0.6133405,
4.028516,0.41724914,
2.7051575,0.44173384,
4.57963,0.58803445,
4.2839766,0.69392174,
3.5904627,0.452635,
3.793945,0.6304101,
3.815963,0.5143309,
3.5977728,0.40234447,
4.08906,0.4898632,
2.9436016,0.409776,
3.6487527,1.4378831,
3.12808,0.40614265,
3.1545877,0.36421844,
3.4768405,0.49381992,
2.6823099,0.7503417,
2.3201602,2.0725892,
5.025,0.45612153,
3.963021,0.45492893,
4.7418666,0.61099213,
2.692369,0.55258,
2.6229687,0.4562775,
2.749505,0.75669557,
4.0020447,0.51712894,
2.5352125,0.32589024,
5.2351995,0.4060313,
3.4295752,0.49149516,
2.4417253,1.0171468,
1.610388,1.1453161,
3.2399032,0.44811636,
4.7240014,0.52341735,
4.109029,0.4028323,
4.237229,0.6001741,
4.314932,0.49244592,
3.5919814,0.6384509,
6.1507955,0.9434779,
2.5473719,0.62528706,
2.1000445,0.43233794,
3.816283,0.38751304,
4.6772013,0.5644137,
3.4878128,0.41320783,
5.3658156,0.76052606,
3.6239274,0.3468063,
2.0758088,0.61804634,
2.6289077,0.5324258,
2.3269484,0.4454865,
3.7833776,0.4412019,
1.5241667,0.58237934,
3.6412528,0.42288882,
3.6881518,0.5449852,
3.3053644,0.307017,
2.7374902,0.2909143,
4.2497554,0.46808696,
5.240204,0.58365774,
5.1805725,0.73794574,
6.0511646,0.64199835,
3.6806912,0.4604065,
3.8058362,0.37940893,
2.9825993,0.47789437,
4.1630416,0.34170341,
4.439602,0.43038785,
4.645182,0.47358406,
3.400003,0.33522135,
3.8878882,0.2921877,
3.0882623,0.48033804,
2.2762508,0.46016824,
2.2444053,0.4427661,
2.661923,0.39981133,
2.1212947,0.6366908,
4.3191924,0.5578844,
1.8819284,0.5924566,
3.473783,0.47470632,
4.7649436,0.49038476,
4.568125,0.4949596,
2.3715746,0.4358397,
4.0464373,0.53377056,
3.029521,0.36284906,
4.6362786,0.36285415,
3.754421,0.5226076,
5.0431275,0.32637322,
3.4022686,0.4666288,
2.1222973,0.6827158,
4.4172053,0.5292233,
2.5385134,0.5424532,
3.8401444,0.5756526,
3.082883,0.6483134,
5.970079,0.6344874,
2.7009244,0.46442425,
4.4984355,0.49008822,
6.41388,0.8002409,
3.4983861,0.2933253,
2.8276117,0.4587028,
2.8717034,0.34973633,
3.3657792,0.4561953,
5.712372,0.4909624,
3.996363,0.39268476,
4.039485,0.58841795,
5.208858,0.14349249,
5.124931,0.6380339,
3.7010145,0.31473815,
2.6677809,0.39264712,
3.751453,0.29029152,
4.342422,0.31497705,
3.2602465,0.31681418,
4.4416637,0.4990273,
2.8316991,0.37914366,
3.689581,0.4885958,
3.0337186,0.36747548,
1.109644,0.89609534,
3.9696398,0.41193354,
3.0778491,0.31611657,
2.24142,0.677331,
4.879454,0.60127735,
2.9026878,0.78827316,
5.0431457,0.42738926,
5.459641,0.79097766,
3.7923691,0.29144388,
5.006512,0.5812224,
4.085116,0.3760921,
4.5172224,0.48893642,
3.4250894,0.33383998,
3.3307202,0.27833873,
4.008445,0.378954,
2.5406888,0.29381415,
3.3870053,0.3303046,
5.646294,0.65993947,
3.7348897,0.6145525,
2.824208,0.4115541,
4.6104283,0.20743221,
5.513905,0.33342335,
2.6512258,0.48007697,
6.0084662,0.8486175,
4.864999,0.37150338,
3.539005,0.36298868,
4.106329,0.33875152,
4.016521,0.17790464,
4.1735635,0.20441116,
3.7969317,0.43871439,
5.292181,0.15035684,
1.3962243,0.36376545,
3.6798706,0.31630558,
3.999729,0.24734563,
5.280319,0.25337115,
3.337507,0.47917998,
1.6000209,1.0078337,
4.333867,0.3458985,
2.2160885,0.47323114,
3.5766973,0.42991638,
4.082398,0.29692668,
3.398398,0.4398236,
4.7992268,0.34666342,
2.1244993,0.37072983,
3.6470428,0.5693032,
3.6741595,0.2950765,
4.3901634,0.3534148,
