generator loss, discriminator loss,
1.7175487,1.900569,
9.497873,1.3214096,
14.022416,0.61902905,
11.234968,0.59648454,
8.884213,0.15981741,
5.5739665,0.65848637,
5.6448517,0.25105658,
7.788635,0.18221468,
7.3867273,0.159699,
9.077809,0.01298991,
9.5089035,0.015605867,
11.121941,0.0166569,
10.850059,0.0046748267,
13.431258,0.0003149081,
15.854401,9.02473e-05,
16.447304,3.8712027e-05,
19.435932,6.2608406e-06,
21.869688,4.027489e-07,
22.10361,5.7834423e-08,
23.98266,3.4660367e-08,
24.142925,2.253522e-08,
27.906849,3.7965533e-09,
25.842606,4.8557283e-08,
25.144262,1.0753216e-08,
28.095982,5.9268335e-10,
32.402355,6.2313536e-11,
30.773903,5.6671123e-10,
25.816872,1.8568985e-09,
26.713306,1.5566613e-08,
30.55602,1.5019815e-10,
28.483889,7.576158e-10,
28.720196,1.3924828e-09,
26.343922,1.2559913e-09,
30.749168,3.4258914e-08,
29.087944,8.4653107e-10,
29.073042,4.672982e-10,
26.7953,2.4685973e-10,
26.355894,1.7090522e-10,
26.3578,4.3529852e-10,
26.692112,4.747242e-10,
26.229692,4.5479073e-10,
26.430504,1.7448876e-10,
27.473667,1.1731999e-10,
27.424053,9.06992e-11,
27.596697,6.239636e-10,
29.236032,1.3155343e-10,
29.712217,7.7675166e-10,
32.197445,1.1486623e-11,
35.66167,2.7563167e-12,
29.051926,1.2327461e-10,
29.835747,2.388728e-11,
31.404762,3.67005e-12,
26.650108,4.3948709e-10,
27.25485,8.434783e-11,
26.794678,9.344727e-11,
25.86783,3.903526e-10,
29.245813,5.146404e-10,
28.3168,4.017528e-10,
27.680586,3.98934e-11,
28.284369,2.6782193e-10,
28.804276,3.605648e-08,
28.724497,7.141973e-11,
32.66165,4.4430297e-12,
27.556252,2.0841405e-10,
28.694077,2.7382575e-11,
27.427036,1.1807388e-10,
28.760708,8.944678e-11,
27.131493,3.1760597e-10,
27.861174,1.9074656e-10,
28.37376,1.7488807e-09,
28.720694,2.8938074e-10,
28.016743,1.3204236e-10,
29.06071,6.4050093e-10,
29.320269,1.3621662e-11,
28.729431,1.036746e-11,
29.60269,2.7805574e-11,
29.213936,5.045862e-11,
29.289463,1.1576399e-11,
30.37409,5.92457e-12,
30.118908,1.884805e-11,
30.200777,9.3958044e-12,
30.11355,1.0201206e-11,
30.637121,6.2637564e-12,
30.983685,3.2210502e-12,
30.55943,4.0041206e-11,
30.412361,6.420229e-12,
30.490446,1.7336108e-12,
29.772121,2.0217383e-11,
29.947643,8.949675e-12,
30.22851,5.8350334e-12,
29.820839,1.4649951e-11,
29.798927,2.0128784e-11,
29.96822,4.4988936e-11,
29.670448,1.4141722e-11,
30.212358,1.212791e-10,
30.38083,9.121727e-12,
29.942009,1.350664e-10,
29.702158,6.7666103e-12,
29.666372,2.1978218e-11,
36.797924,8.4413935e-14,
36.098682,5.2876854e-13,
34.762283,1.7866305e-13,
33.6848,8.787899e-13,
32.75649,7.5116324e-13,
31.504478,1.4601403e-11,
29.254845,3.6642817e-10,
29.964174,4.4729564e-11,
28.647423,1.4037671e-10,
28.68827,1.4735585e-10,
29.7395,2.3116734e-11,
29.230719,1.6318535e-10,
30.313745,3.971894e-11,
31.799816,3.5708086e-11,
31.066883,5.1697237e-11,
32.10767,3.9367634e-11,
30.686861,3.410732e-11,
29.445856,2.4078888e-11,
31.642237,1.90049e-11,
29.16874,2.800291e-11,
27.990488,7.712543e-10,
30.77219,4.0661863e-11,
29.366074,1.4582019e-10,
38.878372,1.5293488e-13,
31.935417,4.876837e-11,
33.159725,5.6037414e-12,
38.50214,3.5315365e-13,
30.880903,2.5045582e-10,
34.313824,1.3099942e-10,
35.332687,5.5040537e-09,
35.813187,2.928204e-11,
33.730404,1.4544844e-12,
33.36884,2.4873083e-11,
32.57739,3.3688444e-11,
36.982044,1.1021703e-12,
33.85698,1.780145e-11,
35.125294,1.3524781e-11,
34.696,1.5141035e-12,
34.13958,9.492414e-13,
32.66818,1.7342697e-11,
32.57226,2.7277602e-11,
33.201454,2.3834703e-11,
35.919342,1.2074783e-13,
34.513264,3.670755e-11,
33.533947,1.8182468e-11,
32.610306,1.5508551e-12,
33.11281,6.810271e-10,
33.244293,1.18178895e-11,
32.116314,7.571074e-11,
32.61296,1.7726758e-10,
36.805695,1.727999e-08,
37.846096,1.6164792e-15,
31.471811,8.0589317e-13,
27.290073,6.926991e-11,
27.643963,2.8935926e-10,
28.800737,4.044836e-11,
28.36641,2.266479e-11,
31.690073,1.945524e-11,
31.018929,4.4035582e-12,
30.294954,1.2770666e-11,
34.799328,4.9856587e-13,
35.082916,2.2763104e-13,
33.826546,1.5613744e-12,
33.190075,1.7722237e-11,
32.725494,5.4040292e-12,
31.553461,1.0288553e-11,
33.924747,4.727554e-13,
33.111755,4.911721e-13,
32.67971,6.2767382e-12,
30.82665,3.9011603e-11,
30.350246,6.928575e-10,
30.266872,8.74328e-11,
29.712366,3.153366e-11,
37.52787,8.354833e-14,
35.482895,9.7007865e-14,
33.17283,7.438708e-13,
31.805376,1.70401e-11,
49.092533,1.6863355e-13,
41.8468,4.8952037e-13,
31.584068,1.6218291e-12,
28.439316,3.615508e-10,
25.572412,2.973582e-11,
32.52498,1.0733028e-12,
30.339773,1.9330719e-10,
30.164333,9.388032e-11,
28.933666,5.8617534e-11,
29.478035,3.6141378e-11,
32.44537,5.668325e-12,
31.921492,2.079681e-11,
31.34329,2.4463879e-11,
31.33147,5.8492655e-11,
31.208324,1.4670744e-11,
30.543028,1.2090424e-10,
32.400295,1.2099069e-11,
30.519892,1.07538624e-10,
30.929865,1.5740818e-10,
30.534903,5.2270313e-11,
30.702534,9.004846e-12,
30.261677,6.1534874e-12,
31.99918,1.7585045e-11,
31.710346,7.6605355e-10,
32.60004,1.1309643e-11,
32.957848,2.5704602e-11,
32.24413,5.562883e-11,
32.140747,2.8618009e-11,
31.649796,2.0497468e-11,
34.411427,1.814398e-13,
34.05828,2.2344928e-12,
34.202675,6.9925435e-13,
33.353035,1.7853925e-12,
33.120445,4.5294944e-12,
32.502125,9.593937e-10,
30.866203,1.3509462e-11,
30.605652,6.832567e-11,
30.456718,8.968664e-11,
30.546354,9.842177e-11,
31.853561,5.0924807e-12,
31.742529,2.3867531e-12,
32.04851,3.8456057e-12,
31.965326,1.334324e-11,
32.912205,3.087408e-12,
33.310753,1.6677131e-12,
32.877052,1.0867915e-12,
33.246964,1.950857e-12,
33.59804,2.268584e-12,
33.595554,1.1894048e-12,
33.241882,1.6941508e-10,
33.165775,4.039091e-12,
33.20895,7.5995194e-13,
32.835365,6.4734407e-12,
33.270527,6.683919e-12,
34.530743,9.203426e-13,
34.111374,4.496796e-12,
34.412064,5.4517046e-13,
34.21065,5.508045e-12,
34.025803,2.4686188e-12,
36.53372,1.2872147e-13,
36.695774,7.9204357e-13,
35.652645,5.0072e-13,
34.677452,1.6216993e-13,
33.634327,2.610162e-12,
32.888065,3.8766377e-12,
31.98502,1.7307113e-12,
31.703608,5.218762e-12,
32.31493,4.7532234e-12,
32.5558,1.0336438e-11,
32.101784,2.9545168e-12,
31.480145,4.9411434e-12,
31.725674,1.516724e-11,
31.764744,1.3262078e-11,
32.061607,1.4938866e-12,
31.42137,1.6271728e-12,
31.973398,6.5471156e-11,
32.20035,6.1582055e-12,
32.05745,4.414966e-12,
32.3521,2.7175254e-12,
32.122208,3.035675e-11,
32.402775,3.147929e-12,
32.735775,4.4312136e-12,
32.66185,3.1769008e-12,
32.478924,1.4564858e-12,
32.652702,4.3580365e-12,
32.537632,7.6903013e-13,
32.48273,2.3051342e-11,
32.82863,3.9195144e-10,
32.99201,1.5811702e-12,
32.617264,3.257912e-11,
33.1916,1.3150105e-12,
33.19193,4.5640217e-13,
32.600796,3.9085367e-11,
32.84675,1.1148462e-12,
33.23633,2.2595378e-12,
34.495903,1.5847809e-13,
34.70584,2.8983248e-13,
35.104458,2.665234e-13,
34.49524,1.762066e-13,
34.64329,6.914852e-13,
34.827633,4.6331146e-13,
34.384525,7.5732855e-13,
34.513554,3.8954088e-13,
34.14185,7.7730715e-13,
34.305912,2.887001e-13,
33.940174,2.6896866e-12,
33.996754,1.0352379e-12,
34.367664,8.438439e-13,
33.940197,3.3657224e-13,
33.88797,2.104338e-12,
33.976288,2.7884558e-13,
33.7185,2.8905638e-13,
33.812714,3.91795e-13,
33.553364,3.9785094e-12,
33.426926,5.1158704e-12,
33.61019,5.419366e-13,
33.0304,1.7650809e-12,
33.434147,3.893114e-12,
33.566856,4.5480095e-12,
33.298336,6.47161e-13,
33.429253,3.978844e-13,
33.280785,8.0518383e-13,
33.04396,1.9320316e-12,
32.564167,1.4288769e-12,
33.080406,2.8395783e-13,
32.891003,9.727221e-13,
33.476166,3.2319603e-12,
32.999603,1.4102781e-12,
33.294624,4.7525856e-13,
33.44531,2.0035955e-13,
33.72291,6.644742e-13,
33.17773,1.1660475e-11,
33.401817,1.0384404e-12,
32.71799,1.5378526e-12,
33.070866,6.898234e-11,
31.912016,4.1139665e-11,
32.793793,4.710911e-11,
33.420853,2.1262284e-12,
35.496033,5.8815623e-09,
39.650238,1.9446528e-14,
38.952827,3.5490575e-14,
37.704067,4.5427288e-13,
36.58898,8.054303e-14,
34.56019,8.8181545e-12,
34.36207,1.4274284e-12,
33.294907,1.4454534e-11,
40.80071,1.5602753e-12,
42.252884,1.1322206e-15,
40.768295,1.3107252e-14,
40.980362,1.9896274e-13,
39.258923,6.145698e-14,
38.343384,4.3165744e-14,
37.336327,4.046763e-13,
36.190987,8.964558e-14,
36.651634,3.5299603e-13,
35.817997,1.1228078e-11,
35.172,2.8463054e-12,
34.077137,2.1783343e-12,
34.196243,1.2849466e-11,
34.488255,5.2484548e-11,
35.711613,3.9351773e-12,
35.703156,3.1167988e-10,
36.21577,3.303559e-12,
36.714413,4.0810484e-12,
39.890972,4.2912153e-14,
39.666115,7.832729e-15,
38.650463,2.1769662e-14,
38.02537,2.347054e-14,
38.326393,2.432517e-12,
38.500214,1.8259825e-12,
37.210815,2.81783e-13,
35.47228,3.260496e-11,
35.073963,2.6893343e-11,
35.187225,2.2850727e-10,
36.782196,1.4907173e-12,
36.726,1.1341227e-12,
36.316925,6.186626e-13,
34.271797,4.0502057e-11,
33.143185,6.7417066e-12,
33.8125,7.49204e-12,
32.406784,2.9291033e-10,
32.27298,4.6042983e-12,
31.656738,1.0804782e-10,
32.305103,4.4276985e-11,
31.466616,5.3387173e-12,
30.938654,3.463877e-11,
32.15147,5.9997307e-12,
31.198448,1.8539283e-11,
32.192055,5.2074584e-11,
31.406206,2.1277225e-11,
31.393078,7.2088273e-12,
31.754017,2.9691078e-12,
35.646618,4.4624023e-11,
34.593956,2.0703589e-13,
33.22539,4.802399e-12,
32.26304,8.0870586e-13,
31.434128,6.355032e-12,
30.651691,1.1713307e-11,
30.59177,9.506662e-11,
31.481417,3.0841182e-12,
31.594177,6.0018618e-12,
31.281292,4.6423625e-11,
31.075577,8.206511e-12,
31.15572,1.2608861e-11,
31.088028,2.196095e-11,
38.16421,5.4811685e-14,
37.962677,1.5528923e-14,
37.52498,4.8211584e-14,
37.13355,8.935617e-15,
36.835445,2.459666e-13,
36.33898,6.785469e-14,
35.99507,9.1578126e-14,
35.55682,3.7078786e-12,
34.984367,4.7683136e-13,
34.762203,3.201124e-13,
34.043392,2.9257895e-11,
33.65514,1.1699155e-12,
32.864857,3.3668186e-11,
33.17253,6.6596594e-12,
33.95034,4.676664e-13,
35.02142,4.636606e-13,
34.492756,3.2381814e-12,
33.995914,8.502451e-14,
34.032112,6.466641e-12,
34.375084,8.698499e-10,
33.995285,1.1965688e-13,
38.87877,2.2494492e-11,
60.311924,1.8575352e-06,
40.753174,2.336139e-12,
43.85977,5.8337645e-13,
32.65791,6.771589e-11,
33.02207,1.6855378e-11,
31.642584,8.8012056e-11,
33.787003,3.1739267e-10,
31.421822,1.0871802e-10,
33.392544,3.056054e-12,
36.361412,5.6313258e-14,
34.894135,3.1838047e-13,
32.864212,2.7616585e-12,
34.316757,4.001104e-09,
35.7124,1.1923401e-12,
33.635387,4.947005e-13,
31.575886,4.8168476e-11,
31.36474,1.26918875e-11,
32.813637,9.661501e-11,
32.064373,7.7508326e-11,
32.513058,5.8996918e-12,
32.205254,3.6539462e-11,
32.077232,1.713364e-11,
31.859524,1.0475827e-10,
31.767036,5.40353e-11,
32.524723,2.458513e-11,
32.782562,1.1900988e-12,
33.20093,7.2919636e-11,
33.12187,3.958431e-12,
32.91353,6.2918863e-12,
33.897324,3.908025e-12,
34.026627,8.759071e-11,
33.801205,1.1914016e-12,
33.66256,9.749947e-12,
33.572433,2.3339993e-12,
32.95231,1.7919893e-11,
33.96589,1.0028908e-12,
32.889263,9.342322e-12,
32.020008,1.5061485e-12,
32.832798,2.3123593e-11,
32.740326,1.2396992e-10,
33.155087,5.848499e-11,
32.59161,2.0374787e-12,
32.263565,2.2431852e-11,
32.849915,1.6748125e-11,
32.982964,2.9800385e-12,
33.258575,1.4612443e-11,
33.894207,2.2994523e-12,
33.449512,7.6264353e-13,
33.523346,2.3958723e-12,
33.369766,2.0336935e-11,
33.02619,1.9579774e-12,
32.96441,5.1222394e-12,
32.952503,5.0029707e-12,
35.57982,1.4672928e-13,
35.134117,3.6440056e-11,
33.208935,3.0702052e-13,
34.54812,4.1629885e-12,
33.87326,1.1163682e-12,
33.537403,1.5335036e-12,
33.08242,7.3226885e-12,
32.80819,1.5408293e-10,
32.650948,1.3581752e-11,
32.603046,4.7705704e-11,
32.534306,8.948348e-11,
33.5238,3.7792543e-12,
34.2055,2.1278491e-12,
34.142124,4.9146485e-12,
33.93473,7.0570945e-12,
32.955635,9.369037e-12,
34.067955,4.235526e-11,
36.47756,1.0343236e-13,
35.759354,1.34491e-12,
35.66358,2.4602193e-13,
35.723473,1.17300536e-11,
35.105934,1.6836016e-12,
35.117043,2.1122175e-12,
34.987617,1.4325039e-12,
34.8632,3.1965249e-12,
35.71375,4.7076465e-13,
36.260815,1.4402393e-12,
35.171593,1.2244335e-12,
35.791348,7.8433126e-13,
34.93226,3.1698637e-12,
35.534058,7.071827e-13,
35.740376,6.277357e-13,
35.90922,1.0537589e-12,
35.446354,3.524335e-13,
35.60924,6.095835e-13,
35.720375,3.0088438e-12,
35.94222,7.4463396e-13,
35.94548,8.856594e-14,
35.78756,1.0476375e-12,
35.64681,5.5894876e-12,
35.49091,6.82221e-13,
35.7793,1.2989235e-13,
36.120766,7.970773e-12,
35.74139,3.6122662e-13,
35.48282,6.8684284e-13,
35.60576,5.207207e-13,
35.42568,1.3697421e-12,
35.96764,1.9095806e-12,
35.19761,7.770837e-13,
35.357784,1.0890318e-13,
35.342403,1.5069549e-12,
35.39718,7.1048636e-13,
35.458893,2.1695727e-13,
35.682228,2.638586e-13,
35.404808,4.3568325e-13,
35.555145,1.1537578e-13,
35.25433,2.556411e-13,
35.642372,2.7817256e-12,
35.634403,1.5678957e-13,
35.763374,3.8481861e-13,
35.756393,1.1247947e-12,
35.39348,2.2964e-13,
36.02784,4.967125e-14,
35.901318,6.5843907e-13,
35.924625,6.503823e-14,
35.516815,4.780066e-13,
35.70633,4.8893706e-14,
36.01053,9.371287e-14,
35.882755,1.05414545e-13,
36.02209,2.1032651e-13,
35.97939,2.0028266e-13,
35.548386,1.4814931e-12,
36.147495,6.2300954e-14,
36.22894,4.845906e-13,
35.92189,6.3066983e-13,
36.536037,6.62292e-12,
36.29008,1.9201477e-13,
36.051537,5.4068495e-14,
35.616573,2.367573e-13,
36.404903,2.297588e-13,
35.998898,3.2008253e-13,
35.563175,2.8356752e-13,
36.75554,9.518713e-13,
36.357437,1.02896634e-13,
36.29141,8.0743523e-13,
37.15327,9.870952e-14,
37.28501,2.1737863e-13,
37.110138,4.9740746e-11,
36.759808,1.5589148e-13,
37.36542,2.5918924e-14,
37.259068,1.1018905e-13,
37.10576,1.3893159e-13,
37.55628,3.1398796e-14,
37.119118,2.7742609e-13,
36.951164,6.37815e-14,
37.048496,4.1700104e-13,
36.936996,4.342862e-14,
36.497807,1.02911874e-13,
36.88225,9.520269e-13,
36.785873,5.114354e-14,
37.04491,3.233199e-14,
36.27024,3.8289174e-13,
36.868397,3.509652e-14,
36.45857,3.2819236e-13,
36.02432,6.059066e-14,
36.28038,2.0440466e-12,
35.930496,4.3550934e-14,
36.39066,2.3235935e-13,
35.91996,4.2988674e-14,
36.322033,8.732546e-13,
36.058205,1.334667e-12,
35.70422,1.2489254e-13,
35.404633,7.341126e-14,
36.030445,7.209675e-14,
35.783363,5.0171906e-14,
35.3266,2.4763928e-13,
35.255165,7.983296e-13,
35.392685,1.2937228e-13,
34.982357,2.5259745e-13,
34.301167,1.30859e-13,
34.287975,4.8688305e-13,
33.467957,1.3542733e-13,
34.12366,2.135479e-12,
33.695354,2.591512e-12,
32.727055,3.744952e-13,
32.624973,1.7781937e-12,
32.16344,6.7588735e-13,
32.297802,5.5439295e-12,
32.52771,1.5027744e-12,
31.976564,1.2538702e-12,
32.163597,1.7515261e-12,
31.811756,9.698992e-12,
31.839191,4.2736994e-12,
31.749245,3.445111e-12,
31.532871,1.7105875e-12,
32.734787,1.6293087e-12,
32.784042,7.4925716e-13,
32.6222,1.2602583e-12,
32.13868,1.4330481e-12,
32.69912,2.761164e-12,
32.18615,7.603096e-12,
32.351017,7.2906123e-13,
32.86575,6.2292717e-13,
32.488014,6.849313e-12,
32.07887,2.236263e-12,
32.137646,7.197463e-13,
31.583075,5.5468146e-13,
32.52853,2.039704e-12,
32.439205,2.4742108e-11,
32.379166,3.162643e-12,
32.307858,3.7984446e-13,
32.535877,2.5829243e-12,
32.582726,1.6284879e-12,
32.580627,3.1221556e-13,
32.55773,4.6034353e-12,
32.342255,1.9188108e-12,
33.087875,4.1734953e-13,
33.233257,1.1278204e-12,
33.11808,3.3368557e-12,
32.67,1.1499689e-12,
