generator loss, discriminator loss,
1.6594616,1.8611825,
9.038005,1.5748811,
14.156216,0.6106881,
10.934993,0.45825845,
8.453872,0.3495423,
6.3684387,0.44824484,
4.5519743,0.42023253,
7.2318363,0.08971828,
8.561516,0.066528216,
8.745785,0.011010006,
10.605156,0.0068038916,
10.455286,0.0047074133,
10.6550455,0.008223612,
12.3549185,0.0012512748,
14.540213,3.46413e-05,
14.728604,3.9858507e-05,
15.23819,0.00032878778,
18.230564,5.5536195e-05,
18.283598,1.8225609e-06,
22.252052,2.0369098e-06,
23.750587,2.0422991e-08,
23.22528,1.8287794e-08,
24.785904,1.0427038e-08,
26.98562,2.2643395e-08,
24.028748,1.2120502e-07,
30.402412,4.394631e-09,
25.850761,5.0158357e-09,
26.45125,2.9232258e-08,
25.54344,3.6326828e-09,
26.858213,1.0999088e-08,
30.461775,4.548403e-11,
28.167768,5.894288e-10,
28.043772,3.186904e-09,
26.8133,2.0985285e-09,
27.421247,8.097787e-10,
26.904104,4.7540385e-09,
25.73687,4.1182088e-10,
25.193039,7.2837497e-10,
28.653885,2.6197898e-11,
26.73675,3.5213749e-10,
28.029364,3.194129e-09,
29.160158,3.1589649e-09,
29.146461,2.2657597e-08,
26.07436,7.0062334e-10,
31.504128,4.7886794e-12,
35.468533,4.5814947e-13,
29.72603,1.296275e-10,
31.987497,7.25657e-09,
28.935467,1.5410716e-10,
27.443796,1.8324701e-09,
31.697355,6.602853e-12,
26.389612,1.7796926e-09,
33.379208,2.6461978e-11,
26.817333,6.8533546e-10,
28.195215,1.7664198e-09,
27.965393,1.6829152e-10,
29.890154,2.4996803e-11,
30.6113,9.587992e-12,
29.681786,4.3639727e-11,
29.026924,9.699612e-10,
31.229527,8.549307e-11,
31.044764,2.4899496e-10,
36.956978,1.4333626e-13,
26.941246,3.9290815e-10,
27.945532,3.250236e-10,
28.491404,4.7216696e-11,
27.814682,2.4770724e-10,
28.72441,3.060085e-11,
27.772766,4.9704425e-11,
27.79627,6.283908e-11,
27.649023,1.023138e-10,
27.728148,3.202657e-11,
27.711243,2.1154743e-10,
34.275936,1.2524481e-13,
33.02015,2.8279676e-13,
31.337507,4.353272e-12,
29.58642,2.0850991e-11,
28.252522,5.1260995e-11,
30.003986,2.3821096e-09,
29.317049,1.228244e-10,
28.338621,2.2598182e-11,
28.008934,3.2587006e-11,
28.283178,1.2535216e-10,
28.072613,2.233834e-11,
28.002895,2.4565603e-11,
29.798834,4.4473456e-09,
30.62977,1.801668e-12,
30.232262,1.2587917e-11,
30.022743,6.4043124e-12,
29.836773,1.1490434e-11,
29.864424,1.0228417e-11,
29.356995,1.2284573e-11,
28.914036,2.1664478e-11,
28.770592,3.2223516e-11,
28.781023,1.8444543e-11,
29.2654,1.115948e-10,
31.749483,1.1667976e-10,
30.174892,4.3104267e-11,
31.596495,4.3607704e-10,
34.688217,1.6968282e-13,
31.963963,2.3133797e-11,
32.14209,1.6246579e-11,
33.6694,4.3047133e-12,
32.779312,2.917959e-10,
31.781822,5.6676143e-11,
33.31813,9.14294e-11,
32.688114,1.4455437e-10,
32.030117,2.2054076e-11,
35.070217,5.0897383e-13,
34.466393,1.0672914e-12,
33.785164,2.2495165e-12,
32.572914,3.9666577e-12,
32.88734,1.08343806e-10,
32.814354,9.628426e-10,
28.638872,4.1100588e-11,
28.853157,3.6652e-11,
27.420692,2.2848608e-10,
28.327065,3.172044e-11,
27.977129,1.5241844e-10,
28.702148,5.1201283e-11,
30.356918,1.1574801e-09,
30.831562,6.1206743e-12,
30.844067,6.6535184e-12,
30.267471,1.6820559e-11,
29.810814,1.7802319e-11,
29.321417,2.98239e-11,
29.19262,1.6202373e-11,
29.510674,6.423677e-11,
29.506636,2.5828265e-10,
29.60234,1.1952118e-10,
30.265799,1.6652832e-11,
29.46212,2.8867221e-11,
29.394089,3.583839e-11,
30.161959,1.9446904e-11,
29.922548,1.743693e-11,
30.191765,6.5400784e-12,
30.188091,4.471261e-12,
30.539461,9.6198206e-12,
30.36566,1.1068439e-11,
30.755451,2.5471116e-12,
30.478432,7.289399e-12,
30.273632,1.08830285e-10,
30.395464,4.983576e-12,
30.50551,2.5680805e-12,
30.638367,1.03085665e-11,
30.13261,2.2807305e-11,
30.373009,2.4431448e-11,
30.688862,3.3230956e-11,
30.760181,1.06202054e-10,
30.733824,4.531327e-12,
30.981312,1.06204684e-10,
30.617598,3.4047743e-12,
30.882282,1.08089275e-11,
30.49459,7.716515e-12,
30.577549,2.7372364e-12,
30.529696,1.3109305e-11,
30.744421,6.81127e-12,
30.691343,3.8961573e-12,
30.540659,4.8153885e-12,
31.020908,9.090838e-12,
30.850304,8.8795195e-12,
31.033463,1.6055806e-11,
31.214472,2.8423004e-11,
