generator loss, discriminator loss,
2.039194,1.8976026,
8.079165,1.587545,
8.698786,1.1040121,
7.513801,0.61352956,
5.0707045,0.5550328,
5.6286225,0.38085237,
3.8149524,0.869215,
4.2792296,0.67136645,
3.4461634,0.7587304,
4.1939015,0.68045175,
4.4045653,0.44400185,
4.313924,0.59760886,
5.549522,0.7852751,
4.032496,1.1924694,
2.9638538,0.6862452,
4.1876907,0.44355285,
3.1354754,0.6035102,
3.0042048,0.63702357,
3.6785169,0.6633602,
2.251369,0.956339,
3.9715033,0.58880335,
3.9871912,0.4906258,
4.2508855,0.44937992,
2.735285,1.130389,
3.3318102,1.0568182,
4.018122,1.027664,
3.209624,0.9167205,
5.3474193,0.5372906,
3.472136,0.6171771,
3.9095352,0.45978212,
5.4857655,0.84556496,
2.8042567,0.53203356,
3.0388794,0.6082742,
2.492252,0.6892232,
4.018033,0.48632592,
2.3810973,0.88971734,
2.0038419,0.7020793,
4.0694265,0.35567975,
5.4077315,0.66536385,
6.5045333,0.9809663,
3.4852645,0.3955208,
3.7236362,0.37878716,
4.7177286,0.19836424,
4.0798993,0.3283455,
2.397202,0.7049252,
5.085599,0.19365913,
3.7791183,0.47638068,
4.6722956,0.2739456,
4.22162,0.32089585,
5.042188,0.30195835,
4.828193,0.27005485,
6.290545,0.36594164,
3.178103,0.5311926,
2.7625065,0.5063558,
4.4214945,0.35031494,
2.6503167,0.5888505,
3.1118143,0.34713155,
3.4723566,0.55425787,
3.631177,0.50581807,
4.267447,0.36591637,
3.6230798,0.72938335,
0.9854224,0.90772045,
3.2715883,0.86446166,
2.9626153,0.61093634,
5.1159663,0.3906994,
3.3706582,0.48749787,
3.4025865,0.75106704,
3.325348,0.54741347,
4.1325397,0.44626623,
4.3564906,0.37583804,
3.1690457,0.76084125,
3.6271725,0.44134822,
3.8604178,0.64328325,
4.552348,0.54600686,
4.1124306,0.38855192,
3.1972933,0.46228278,
3.113725,0.52430296,
6.9298854,1.1245477,
3.6659043,0.6234833,
3.9180503,0.56526583,
4.91851,0.6118136,
4.0709414,0.6048664,
3.0170286,0.48795176,
2.4841313,0.4508299,
3.4581149,0.5021951,
2.7160172,0.9141903,
4.437537,0.55432725,
6.3505874,0.7920898,
2.3756204,0.7535451,
4.7120466,0.51283264,
3.7732105,0.49286696,
4.4010887,0.481162,
3.562887,0.8830673,
4.1647944,0.4079402,
3.3895028,0.40635598,
3.0229447,0.4728983,
4.4340878,0.44666356,
4.621611,0.38873786,
3.3188083,0.47424692,
3.6716714,0.46391103,
2.70658,0.77821976,
3.8440588,0.81260884,
3.8686326,0.66717124,
2.2365353,0.7608903,
3.715493,0.43775052,
3.3839583,0.47539878,
4.467979,0.50420535,
5.3048415,0.7157548,
4.441084,0.6146358,
4.038829,0.6624632,
5.6400914,1.2297646,
3.5508964,0.4915827,
4.9294443,0.5101034,
5.3186827,0.6348838,
3.0505571,0.6010886,
3.823559,0.36866027,
2.8330512,0.58619785,
4.1686335,0.5534024,
3.0142426,0.6264975,
4.9749146,0.5324632,
3.3584685,0.5209052,
2.7673953,0.9663362,
5.3429103,0.6794292,
2.6399834,0.38102615,
3.6747472,0.5101763,
2.4129467,0.38436347,
4.083171,0.5786026,
4.539171,0.31506538,
3.4297137,0.42811763,
2.5824652,0.7713847,
5.5210752,0.839184,
4.7124333,0.67370194,
3.0326526,0.47618914,
4.8323326,1.1526543,
4.2889414,0.43007243,
5.24935,0.64257765,
3.4199228,0.37560052,
3.4354067,0.6565465,
4.5130587,0.3577346,
2.3827858,0.5128131,
2.9758496,0.68928236,
1.7121565,0.5838175,
4.407375,0.36226743,
4.5618725,0.34129363,
3.2691216,0.31250048,
3.4228485,0.77093387,
3.404151,0.37715083,
4.3369017,0.30659676,
3.4895844,0.45088995,
6.2672243,0.7081944,
4.8593917,0.43254435,
7.302906,1.1659142,
2.056597,0.73898894,
2.812175,0.382146,
2.8182993,0.3982917,
3.2922113,0.71276295,
5.1233826,0.34145898,
1.6184582,0.8908353,
4.3813233,0.4891646,
5.16699,0.34952193,
3.82575,0.7000609,
2.5928028,1.4073651,
3.2520065,0.53630054,
3.712034,0.28243655,
1.3889369,0.86878514,
7.4432096,1.0607791,
4.3758144,0.40372926,
4.1077704,0.39408806,
2.9834802,0.48102814,
3.8965979,0.29948407,
4.621585,0.648287,
2.9527676,0.64111936,
3.5641456,0.24677125,
3.7918043,0.32286295,
2.8660064,0.6047866,
4.500364,0.5547528,
2.6720264,0.34749025,
3.7225552,0.28539544,
7.2679057,0.8898912,
3.5356834,0.56430477,
2.87981,0.44800505,
3.7957208,0.3043246,
3.4839551,0.621658,
4.10439,0.3032238,
5.2494826,0.7512584,
2.9946127,0.53229344,
2.582962,0.51693976,
3.1521587,0.62601423,
5.1885962,1.0318366,
3.3190565,0.3852708,
2.4993746,0.5280567,
3.851145,0.44765553,
1.9471246,0.5520355,
2.742474,0.5054501,
3.9143522,0.49913388,
4.3889647,0.561891,
3.3711262,0.64046544,
4.1684017,0.43918842,
3.2212152,0.54075825,
3.6732223,0.39146116,
3.7061775,0.38947782,
6.5457973,0.5784458,
3.109311,0.4088334,
9.060744,1.6831119,
3.3101008,0.31175625,
3.7118533,0.3786023,
5.6356697,0.6381866,
3.7505963,0.4388487,
3.1472394,0.3326829,
3.8028173,0.4442917,
3.295524,0.39872223,
2.870628,0.5897812,
3.3273654,0.40452337,
2.3959186,0.4983199,
1.9239404,1.1857264,
3.1403623,0.50413346,
3.4310293,0.4153919,
4.3596177,0.5235891,
1.9308335,0.67169935,
2.678673,0.40834835,
3.0118928,0.59839356,
3.5354846,0.3518347,
3.2400086,0.3305477,
3.662676,0.36344934,
4.4369473,0.33603436,
3.3875515,0.29293084,
1.6945332,0.7010129,
3.8098812,0.48174596,
4.022655,0.30572766,
4.203312,0.34216553,
3.3889709,0.2884333,
4.50552,0.38063467,
5.4844694,0.49733162,
3.273771,0.3184457,
2.0717423,0.58479017,
5.7250733,0.9049929,
3.0786507,0.46355763,
3.2199726,0.36233264,
4.0495925,0.35966244,
4.411972,0.58643013,
5.506247,0.7782771,
3.342624,0.5317061,
2.8349872,0.42205873,
4.164243,0.35574216,
5.708627,0.56547546,
3.8526623,0.47137398,
3.4437482,0.18067771,
3.968652,0.32900965,
3.8160937,0.25126746,
3.984578,0.26185352,
3.7470496,0.567865,
3.8115838,0.3199069,
2.02748,0.68559563,
2.239336,0.52364707,
3.3257003,0.68392706,
4.4879146,0.38410592,
3.280531,0.60881996,
2.7722373,0.5514468,
2.845582,0.5842254,
3.5632448,0.5046479,
3.937186,0.3969109,
4.0995274,0.27347246,
2.9079437,0.45646745,
2.8632882,0.5301157,
2.554054,0.3441377,
3.7896206,0.35891438,
5.1433363,0.4991505,
5.6048098,0.5016844,
4.9005413,0.15138891,
4.883183,0.42131317,
3.8774595,0.35735524,
3.5121353,0.29946733,
2.857717,0.3298371,
2.6476717,0.42268288,
2.4871216,0.8526577,
1.6995049,0.52242637,
3.3682013,0.4698739,
4.209524,0.32771555,
2.1211002,0.49752226,
2.398605,0.47842705,
2.977353,0.38869116,
6.665678,0.83491874,
2.9668949,0.48196024,
2.5599053,0.357252,
2.6684606,0.40432587,
5.1269755,0.5263515,
4.132841,0.48877937,
3.5909252,0.26415384,
4.5108156,0.26345044,
3.5292227,0.54248625,
4.1576457,0.43243292,
3.7936847,0.4150375,
4.741364,0.29917568,
2.9126914,0.39255595,
3.6334693,0.31655216,
2.4797175,0.49327153,
2.3806362,0.5518425,
4.3637505,0.3669606,
5.24731,0.5153577,
3.072738,0.33335602,
3.5111327,0.26392418,
3.3331954,0.32052127,
1.5925112,0.35918206,
4.9502225,0.37014922,
2.511267,0.5433438,
6.622809,0.5018024,
4.422115,0.2756685,
3.416235,0.35574678,
4.361977,0.29844475,
2.5230632,0.5917535,
2.7471666,0.19618408,
4.0006237,0.3861525,
5.389788,0.43097615,
5.7004633,0.2872358,
3.7879457,0.30027002,
4.0752473,0.29490495,
2.4762003,0.8639513,
1.6595916,0.65273464,
4.901302,0.41585255,
4.3216286,0.29556483,
1.0725611,0.58190143,
3.4612179,0.44300205,
1.4092739,0.4015925,
3.4961054,0.4823926,
4.119287,0.35277128,
3.3746994,0.32810342,
1.415003,0.56026876,
2.9873188,0.35620326,
6.4531875,0.7322736,
4.8516364,0.29659024,
3.432254,0.5353585,
3.71532,0.21810633,
4.635253,0.18649381,
3.8334408,0.26646662,
2.962709,0.45048672,
2.270106,0.7916008,
4.729944,0.19120023,
5.7345576,0.44560307,
2.26398,0.5253259,
4.4258285,0.38381073,
4.3665385,0.43378592,
4.051439,0.32753354,
2.1283216,0.32618603,
3.9900577,0.6605196,
3.1771808,0.23876789,
3.1932077,0.28948215,
3.5390103,0.22299153,
4.2719874,0.30990964,
3.6800835,0.28804612,
1.1105604,0.47898108,
4.3887486,0.42310655,
